5886.18095142321
6474.49563657145
552.484019525522
2046.26167981592
2132.23338007199
1679.80848181931
1561.54873970576
811.646630886395
11256.7672142549
7688.07789834498
2023.99272090396
533.132303628326
1367.29494875622
1836.88455918063
4529.9302278656
5071.74473673139
13076.7892291475
1579.76385624532
1305.32133914243
4096.58951088819
560.721780490578
4469.80391079364
863.279972644431
673.208675571796
308.343123529646
591.545758139818
1846.44343467801
8809.17650418201
9921.19631924874
6273.40730293627
5516.90394279079
8150.42565055336
1677.47919218537
6829.68976212834
5976.51714591263
3669.12953579234
3064.41077432975
4997.99819284548
1183.80010805453
1316.75247949714
1030.30582395557
5856.16789083159
4152.84679726695
574.66744826128
787.988607087491
535.764830740823
3953.46309062919
6891.07360601376
4852.04654455838
561.607390104465
1360.76348814878
2777.60478400399
1565.83966623868
726.993214513051
2755.93954759408
2562.90505675783
1756.30089959193
1456.44733721444
2443.84220740452
2708.48562764616
2017.73506183937
1705.14573755567
2417.78218087336
3529.57964731854
6138.91718105051
3269.62337205045
905.135700295685
2625.43347030401
2433.13170696019
4466.74982002542
2700.7858302613
5422.59581537743
4483.0880621896
12879.5335874518
2401.51290275221
10229.7857595693
618.687483369877
7161.62679223741
8944.5728827263
1548.80473555531
4148.58216431776
2476.54816452438
2934.10096621555
4168.76144806249
1868.83188888995
2611.1379513404
12501.2436880139
4001.60255338348
4292.1446756282
14231.5349473177
8289.39050653534
1721.15920610294
2862.42261905627
1481.62023362557
6066.45513624041
2747.59941691941
8255.19153020832
10248.7070588951
3932.52595945018
7157.35628429236
7918.00283561228
832.150173372353
6776.92317781422
