0.00162156785736419
0.000289305392125044
8.04136915955717e-05
0.00106955877758609
0.000153236687986342
0.000451382888599651
0.000178782621908868
0.00160365947295741
0.00191819494524423
0.00111689579010614
0.00120557701966594
0.00113105448261047
0.0019236105145992
0.00180479886975279
0.00176975263516173
0.00129249440930416
8.59785897699593e-05
0.00013917674550591
0.000504364990998512
0.000281172665022771
0.00115366950725468
0.00112777948317247
0.000220160898077793
0.00162634702071336
0.000665077051416526
0.00146035234822012
4.75039948834165e-05
0.00122860952660717
0.000636460269640192
0.00180214853783757
0.00121914137014006
1.08246540751282e-08
0.000286268455128214
0.00227930228197054
0.000125483629265584
9.68642151183333e-52
4.18374717453478e-51
0.000341500909409983
0.000852893783514125
0.00015838943890274
0.000503575444580461
0.000212036668785962
0.000949493064700422
0.000479867539667802
0.000492463739693209
9.47708384752898e-05
0.00107013614232068
0.000904275007358928
0.00241716561896383
0.000434582780586377
0.000299981735930225
0.000416150691018788
0.000621574027681778
0.00163193445201653
0.00257232479158259
0.00120097824224465
0.000831266170848932
0.00122340506195974
7.58629639421084e-05
0.00110069823776538
0.000778895801525805
0.000141750251106315
0.00183730143385727
0.00220455486226527
0.00205383320512766
0.0013465962158874
0.000716196115669499
0.00109958270322038
0.000358121758168959
0.000250425354122941
0.000842423125492816
0.00124544072679112
0.00154762254519809
0.000947687745378238
0.00250798362460978
0.00425064343354598
0.000363635936912048
0.00217430817924575
0.000831722804164101
0.000529270394656329
0.00125876928320058
0.00180420046248961
0.00382735220279395
0.0005681099379519
0.00147539326076557
0.00112149530900849
0.00108093319700927
0.00109236108915619
0.000637573361556601
0.000417642942755126
0.00100652430402788
0.000752757485210804
4.40120911107879e-06
0.00046409590694244
0.00113344987821078
0.000646263382778461
0.00123053692946318
0.000728054196724654
0.00166993773080132
0.00164712142799502
0.00278034026537963
0.000967306684986383
0.000875105791402065
