0.00164471412106097
0.000284020478881723
3.67790541985824e-06
0.00126114710332623
0.000149197880829323
0.000296121476007044
0.000118073082559883
0.00155324357633897
0.00191136733009791
0.00109547576662819
0.00126740422604246
0.000648308380811223
0.0027367802705032
0.00206446435711934
0.00173191035380595
0.00124377718770192
8.04652656326915e-05
0.000100063743240784
0.000583859017039061
0.000283866557710862
0.00112968293114821
0.00116834491226573
9.78403558445926e-06
0.00236601544141806
0.000559321234764459
0.00140594982805612
2.84621978227849e-06
0.00124152203685441
0.000610594254177722
0.00182970870107319
0.00123284361032262
7.22893923350122e-18
5.99449424709835e-05
0.0022877342516637
0.000128751829376757
8.10263482288055e-190
1.51187231950733e-187
0.000355957835599125
0.000711603368018174
0.000104584064918816
0.000257281214896969
0.000192012991482017
0.00094943913028437
0.0004393573955982
0.000721535919034715
7.39304964813321e-06
0.00102888285111615
0.000896524628904133
0.00241447555468215
0.00014701767864022
8.34199076464434e-05
0.000407794209991718
0.00063487140074892
0.00140153593628029
0.0026570342101304
0.00112755533324908
0.000789907956213748
0.00137669552760865
3.67421445834616e-06
0.00120184031098129
0.000820833191343344
3.64384041529042e-05
0.00217697174618435
0.00229216090145723
0.0020394185295339
0.00134564290745101
0.000282678378648608
0.000994946508283377
0.000436489672805883
0.000228785713106392
0.000822579730558614
0.00128851633460618
0.00155614334274911
0.000913466083666831
0.00213718826366095
0.00428783070563339
8.30334576579951e-05
0.0021800380859527
0.000842054895968306
0.000633874580711753
0.00120060578460565
0.00155167451727137
0.00408437447939106
0.000539807482721698
0.00148117946119854
0.0011330039654457
0.00105966000995825
0.00117607307511638
0.000586081885121751
0.000458231611165758
0.000955869702990445
0.000659321725985227
8.35371630836848e-09
0.000338636208713907
0.0011881314661759
0.000639682888689054
0.00122088612995352
0.000700029891555431
0.00184975445921201
0.0016103138277005
0.00282609351812484
0.000629065619904562
0.000992739361751782
