0.00159996400550262
0.00030074334778591
0.000228142954488469
0.000971252886869904
0.000154140927057355
0.000586055452806736
0.000201992186495133
0.00150913485537217
0.00192111357602042
0.00112245401225159
0.00120039988807331
0.00130661552424108
0.00141518029458221
0.00158268403438693
0.00174746147861719
0.00131798940788639
8.89720345023481e-05
0.000164695082166465
0.000475875032135633
0.000279293121672143
0.00127101826984268
0.00105669957512821
0.000523672322297297
0.00128210678936428
0.000688625221984321
0.00142285752920308
0.000127831085963134
0.00121120431364698
0.000662667824292249
0.00177384675228915
0.00123004033373507
8.74070922942912e-07
0.000462419375548738
0.00226129432093655
0.000121462075452918
3.76860983134663e-26
7.98426363743299e-26
0.000337322487427646
0.000849795619170421
0.000316882929818634
0.000575814962049135
0.000228358433972498
0.000935945325686671
0.000457415014153412
0.000367416046730214
0.000191625121286275
0.0011431990539307
0.000911154675464866
0.00239616364762072
0.000556585282497597
0.000479188366601063
0.000451931161260909
0.00066411693006087
0.00161653059187215
0.00247671180780954
0.00127995507798155
0.00090400186161241
0.00101485474513001
0.000201898099116917
0.00103814122721422
0.000797716294847106
0.000228874948707591
0.00166248832433161
0.00210020055064803
0.0020621060615729
0.00134957778897391
0.000926415776754368
0.00113795925141453
0.000370099979150895
0.000280357216102757
0.000874836486824643
0.00122082931741756
0.00153315975499577
0.000970237466905675
0.0027219543232993
0.00419856412399132
0.000682541047510384
0.0021712824811345
0.000813372690622766
0.000530726476082671
0.00127606472499675
0.00205580493723441
0.00366091290774397
0.000569823438076638
0.00138642320896481
0.00113329679115115
0.00109143616937451
0.00106729575565335
0.000676581428511254
0.000380668303872972
0.00105202204503447
0.000750868796111155
2.77324011175184e-05
0.000578277593233952
0.00109019210341805
0.000650246669973451
0.00122391419522533
0.000734414054080022
0.00160701398033014
0.00168647945599816
0.00274311858523506
0.00113731452604054
0.000802132639893915
0
0
0
0
0
