5872.72414547911
6473.19258343406
565.685424949238
2000
2137.49593891748
1738.45397472096
1560.62665476253
843.274042711556
11286.176402031
7706.85120886286
2017.69946005613
533.333333333954
1372.75068546491
1813.52940116444
4511.71315085037
5082.43161401221
13083.6624162429
1605.54594383856
1339.98341615007
4055.17502019859
549.747416748927
4535.29369378535
853.74989832461
679.869268479339
400
596.284793999675
1852.32586525999
8813.12153048573
9879.27122818278
6306.25791487195
5414.38413446578
8143.16345845434
1707.49979664849
6841.70219235581
5917.9576056462
3704.65173051996
3101.25422656346
4940.53528363966
1229.27259430572
1333.33333333284
1074.96769977324
5848.45658652324
4167.59989549002
549.747416749619
777.460252645508
549.747416749153
3977.71570404652
6888.31538831395
4895.34926684957
549.747416748984
1372.75068546494
2745.50137092966
1554.92050529211
754.247233266076
2803.17280555048
2536.83967872508
1738.45397472056
1490.71198499956
2480.14336503175
2719.47707391624
2017.69946005613
1707.4997966484
2433.10501211929
3530.18727863307
6146.36297152873
3211.09188767789
970.681318570443
2666.66666666669
2414.76937017001
4533.33333333332
2748.73708374566
5381.44961882948
4529.41006705642
12872.0196118899
2373.9325086348
10244.9987798926
666.666666666418
7165.34871602387
8988.88202169769
1520.23390013217
4152.64306730567
2490.872225636
2927.26645334643
4141.92655120211
1866.66666666669
2575.09438877708
12486.4370863394
3995.55308367232
4326.87417337513
14238.9625129624
8298.59801418911
1753.7261917294
2884.44102037119
1490.71198499962
6045.75149266912
2735.77127049107
8247.28911690244
10277.0510253564
3937.28614939586
7180.21974284588
7874.57229879143
843.274042711666
6694.60811233788
3939.54312071844
3866.66666666698
2235.07394856594
3590.10987142325
3921.45097862738
