0.0016349602073115
0.000262520915868164
3.43728053840533e-15
0.00142814684255927
4.92718586811737e-05
0.000271990663219592
1.4269333765341e-05
0.00120462177779136
0.00187192015062243
0.00104420406936623
0.00128819236113976
0.00015468393922452
0.00317356480415661
0.00211303284955399
0.00163419994311043
0.00119810504471978
6.410126763709e-05
9.02397532227781e-05
0.000739275376860774
0.000264846239582438
0.00119700780366574
0.00112384702737821
1.65947538890894e-12
0.00310885984706548
0.000369128795884317
0.00128580185511257
4.06963530377794e-13
0.00122801402167121
0.000585876918121704
0.00185423310275231
0.00119194613284204
5.32017330834865e-82
2.47762284748121e-08
0.00227117514029168
0.000139216109788394
0
0
0.00035940063659112
0.000546944805850942
5.31974123485129e-05
1.76878967535213e-05
0.000181283107582028
0.00090158167082866
0.000278057907129957
0.000967594804999001
1.54231038249611e-13
0.00104088494530235
0.0009506554705877
0.00239217817683088
3.28830060625137e-07
1.14110989665525e-07
0.000438294535009534
0.000646322515495615
0.000911021310675206
0.00278782235392426
0.00115577874037574
0.00076623837961691
0.0013162957554334
2.33572428420311e-12
0.00141143012996863
0.00092657529653449
6.66951007200925e-08
0.00249202203739059
0.00230363993345018
0.00200602282791122
0.00134135763482464
1.48041986086751e-05
0.000939443624662544
0.000562395541116866
0.000219673453030517
0.000790275951437927
0.00134112554220421
0.00152946665457639
0.00090302620823034
0.00176548521069494
0.00433707522133333
1.92853507303938e-07
0.00219573542810887
0.000839629252442582
0.000829461756411199
0.00119792096959335
0.00135394119697157
0.00425980812904989
0.000504207647678207
0.00140139954549491
0.0011428276413975
0.00104388798629791
0.00116039067776387
0.000547986434532916
0.000487998483183665
0.000940703830923408
0.000527475593917481
1.6473289682737e-28
0.000416607393420957
0.00118630603146253
0.000640577021306671
0.00121115566011118
0.000669159722802007
0.00198927186584907
0.00160816583326767
0.00289731011449562
0.000569701018944755
0.00105036844029409
