FID;field_1;field_2;x;y
0;304353,481211295002140;4601075,599678169935942;304353,0000000;4601080,0000000
1;308690,386305320018437;4607448,213304350152612;308690,0000000;4607450,0000000
2;290001,652683604974300;4600369,038460819981992;290002,0000000;4600370,0000000
3;307375,429099222004879;4608135,726117310114205;307375,0000000;4608140,0000000
4;301578,697681545978412;4612650,886202299967408;301579,0000000;4612650,0000000
5;313068,703004590002820;4623176,096078990027308;313069,0000000;4623180,0000000
6;310270,753741682972759;4606601,471674660220742;310271,0000000;4606600,0000000
7;315255,235213163017761;4625808,801264240406454;315255,0000000;4625810,0000000
8;309081,388858427992091;4617968,179060599766672;309081,0000000;4617970,0000000
9;309218,588481239974499;4618238,140070050023496;309219,0000000;4618240,0000000
10;311040,004134858027101;4621312,958688010461628;311040,0000000;4621310,0000000
11;305957,344449787982740;4613670,806272109970450;305957,0000000;4613670,0000000
12;308363,593036465987097;4617290,928883690387011;308364,0000000;4617290,0000000
13;288198,207238104019780;4601613,459262290038168;288198,0000000;4601610,0000000
14;309164,679611506988294;4615658,348233370110393;309165,0000000;4615660,0000000
15;313418,919958218000829;4610963,928416980430484;313419,0000000;4610960,0000000
16;292595,739339828025550;4601852,502513820305467;292596,0000000;4601850,0000000
17;285861,558474401012063;4609583,843228739686310;285862,0000000;4609580,0000000
18;289752,511224264977500;4599657,050738110207021;289752,0000000;4599660,0000000
19;306573,681314584973734;4616585,249367600306869;306574,0000000;4616580,0000000
20;314914,095614679972641;4604164,965873230248690;314914,0000000;4604160,0000000
21;302124,752275730017573;4602159,359355550259352;302125,0000000;4602160,0000000
22;307695,314458284003194;4617075,897616250440478;307695,0000000;4617080,0000000
23;279416,876804205996450;4590154,105632389895618;279417,0000000;4590150,0000000
24;293408,030149040976539;4607493,687192689627409;293408,0000000;4607490,0000000
25;315462,117705328972079;4622595,892972479574382;315462,0000000;4622600,0000000
26;292493,080728520988487;4606100,421616979874671;292493,0000000;4606100,0000000
27;300431,422248986025807;4595799,342156830243766;300431,0000000;4595800,0000000
28;302335,363824802974705;4600111,139220359735191;302335,0000000;4600110,0000000
29;289059,951188402017578;4597892,460971689783037;289060,0000000;4597890,0000000
30;302294,205162824015133;4591792,379727929830551;302294,0000000;4591790,0000000
31;288986,882527236011811;4597715,823188520036638;288987,0000000;4597720,0000000
32;297410,144511732971296;4606574,414141779765487;297410,0000000;4606570,0000000
33;315814,832546085992362;4623070,349448259919882;315815,0000000;4623070,0000000
34;304249,429893277992960;4601077,291158219799399;304249,0000000;4601080,0000000
35;282041,490479952015448;4592101,981668399646878;282042,0000000;4592100,0000000
36;310980,239462046010885;4606200,691354679875076;310980,0000000;4606200,0000000
37;289503,052142252970953;4598782,800768380053341;289503,0000000;4598780,0000000
38;288040,439077035000082;4599616,589555590413511;288040,0000000;4599620,0000000
39;309184,112584538001101;4618149,365162289701402;309184,0000000;4618150,0000000
40;315665,586697958991863;4626076,134542539715767;315666,0000000;4626080,0000000
41;306650,283576231973711;4616656,721752439625561;306650,0000000;4616660,0000000
42;314959,858746181998868;4625428,475358909927309;314960,0000000;4625430,0000000
43;306242,606711553002242;4616206,260712949559093;306243,0000000;4616210,0000000
44;305450,688053179997951;4610022,702523619867861;305451,0000000;4610020,0000000
45;303724,482789279019926;4621878,457534570246935;303724,0000000;4621880,0000000
46;297006,449486533994786;4606255,230408919975162;297006,0000000;4606260,0000000
47;298050,320049996022135;4591164,050319209694862;298050,0000000;4591160,0000000
48;304772,853533321991563;4613659,033680220134556;304773,0000000;4613660,0000000
49;289010,083767811011057;4597806,693838959559798;289010,0000000;4597810,0000000
50;280896,004927894973662;4593675,998146359808743;280896,0000000;4593680,0000000
51;301948,300485989020672;4606075,862336209975183;301948,0000000;4606080,0000000
52;317779,043075110996142;4625009,780378229916096;317779,0000000;4625010,0000000
53;315752,097622487985063;4603627,322091779671609;315752,0000000;4603630,0000000
54;313670,897773991979193;4604727,805250570178032;313671,0000000;4604730,0000000
55;316964,612529766978696;4610715,544445070438087;316965,0000000;4610720,0000000
56;312966,169741071003955;4605253,712495369836688;312966,0000000;4605250,0000000
57;313656,498837988998275;4611760,334387719631195;313656,0000000;4611760,0000000
58;302185,250150504987687;4607942,413096039555967;302185,0000000;4607940,0000000
59;296196,884137131972238;4605659,883000040426850;296197,0000000;4605660,0000000
60;308831,805306927999482;4611190,360165109857917;308832,0000000;4611190,0000000
61;313760,227020707970951;4611831,434213199652731;313760,0000000;4611830,0000000
62;309129,664228198002093;4607219,365353509783745;309130,0000000;4607220,0000000
63;310489,354887711990159;4610886,030893960036337;310489,0000000;4610890,0000000
64;313345,777047584007960;4597331,922219590283930;313346,0000000;4597330,0000000
65;305710,207591040001716;4615362,688378729857504;305710,0000000;4615360,0000000
66;309492,581669193983544;4619392,236774070188403;309493,0000000;4619390,0000000
67;305463,945050087000709;4614934,160958370193839;305464,0000000;4614930,0000000
68;300944,071426770999096;4596856,708079810254276;300944,0000000;4596860,0000000
69;304734,433805129025131;4613574,001809270121157;304734,0000000;4613570,0000000
70;283043,899108833982609;4592850,219704589806497;283044,0000000;4592850,0000000
71;291840,481835709011648;4616697,651945389807224;291840,0000000;4616700,0000000
72;315079,359077257977333;4622065,701489830389619;315079,0000000;4622070,0000000
73;306413,377899696002714;4616404,865661890245974;306413,0000000;4616400,0000000
74;299855,426748108991887;4595243,082984919659793;299855,0000000;4595240,0000000
75;288582,017720390984323;4624424,286579820327461;288582,0000000;4624420,0000000
76;290950,700289332016837;4602406,476551320403814;290951,0000000;4602410,0000000
77;312369,711672907986213;4611006,297152260318398;312370,0000000;4611010,0000000
78;313621,679491519986186;4604943,191906959749758;313622,0000000;4604940,0000000
79;306276,843296933977399;4616246,712454060092568;306277,0000000;4616250,0000000
80;311038,001267434970941;4622829,138118729926646;311038,0000000;4622830,0000000
81;289077,346303300000727;4620377,021307630464435;289077,0000000;4620380,0000000
82;310712,248471396975219;4622917,690786669962108;310712,0000000;4622920,0000000
83;312604,733809194003697;4599832,761422970332205;312605,0000000;4599830,0000000
84;296598,618259232025594;4605951,498762900009751;296599,0000000;4605950,0000000
85;305599,430406327999663;4615208,867514610290527;305599,0000000;4615210,0000000
86;311321,062573284027167;4622635,610521090216935;311321,0000000;4622640,0000000
87;309232,850327823020052;4618283,870244530029595;309233,0000000;4618280,0000000
88;280210,535185363027267;4590662,317971919663250;280211,0000000;4590660,0000000
89;301791,327436499996111;4605215,204008240252733;301791,0000000;4605220,0000000
90;292171,826589685981162;4602964,258312799967825;292172,0000000;4602960,0000000
91;289889,049161511997227;4619504,354149539954960;289889,0000000;4619500,0000000
92;301093,931650992017239;4613342,176959100179374;301094,0000000;4613340,0000000
93;303724,918368516024202;4621967,879594950005412;303725,0000000;4621970,0000000
94;312385,917353814002126;4605530,489514119923115;312386,0000000;4605530,0000000
95;279829,810497579979710;4590422,782415200024843;279830,0000000;4590420,0000000
96;305422,219108582008630;4614827,840423160232604;305422,0000000;4614830,0000000
97;310000,685974283027463;4616432,855865069665015;310001,0000000;4616430,0000000
98;304084,798638337990269;4614978,182405720464885;304085,0000000;4614980,0000000
99;305771,480320609989576;4615450,175705360248685;305771,0000000;4615450,0000000
100;305501,516854110988788;4615039,900101440027356;305502,0000000;4615040,0000000
101;307156,734315050009172;4613263,819177160039544;307157,0000000;4613260,0000000
102;308252,103202011028770;4602941,483689240179956;308252,0000000;4602940,0000000
103;288809,045464663009625;4624614,092912870459259;288809,0000000;4624610,0000000
104;291470,820426216989290;4617166,039776209741831;291471,0000000;4617170,0000000
105;289898,023160926008131;4602441,945843040011823;289898,0000000;4602440,0000000
106;292291,202147151983809;4605753,314895720221102;292291,0000000;4605750,0000000
107;305777,812798235972878;4613890,320997189730406;305778,0000000;4613890,0000000
108;308759,826311458018608;4611189,449148939922452;308760,0000000;4611190,0000000
109;309954,969185383000877;4611441,395495720207691;309955,0000000;4611440,0000000
110;310696,677216693991795;4611505,178050049580634;310697,0000000;4611500,0000000
111;313245,480538806004915;4611476,797935909591615;313245,0000000;4611480,0000000
112;314583,825993432023097;4612104,348461260087788;314584,0000000;4612100,0000000
113;292058,109262004029006;4616501,760780289769173;292058,0000000;4616500,0000000
114;310671,078557338973042;4599307,620923030190170;310671,0000000;4599310,0000000
115;311299,454217172984499;4598673,884283600375056;311299,0000000;4598670,0000000
116;298159,167404522013385;4590176,283009779639542;298159,0000000;4590180,0000000
117;297826,500433466979302;4593053,812044450081885;297826,0000000;4593050,0000000
118;298665,588446983019821;4594177,787702900357544;298666,0000000;4594180,0000000
119;300412,384390400024131;4595775,908379809930921;300412,0000000;4595780,0000000
120;300862,778524802008178;4596454,067498370073736;300863,0000000;4596450,0000000
121;301165,366899424989242;4597331,294534170068800;301165,0000000;4597330,0000000
122;301340,847635345009621;4597791,384862000122666;301341,0000000;4597790,0000000
123;301990,818701150012203;4599138,804858409799635;301991,0000000;4599140,0000000
124;302308,196938910987228;4600080,882199889980257;302308,0000000;4600080,0000000
125;304912,496718144975603;4614047,083865939639509;304912,0000000;4614050,0000000
126;305002,778058386000339;4614312,379814540036023;305003,0000000;4614310,0000000
127;304887,177304284996353;4613956,680946850217879;304887,0000000;4613960,0000000
128;304923,581789079005830;4614088,166786639951169;304924,0000000;4614090,0000000
129;306697,411587395006791;4616698,067963830195367;306697,0000000;4616700,0000000
130;307979,809452146000694;4617124,366978949867189;307980,0000000;4617120,0000000
131;308352,501197561970912;4617284,498319000005722;308352,0000000;4617280,0000000
132;309020,972244919976220;4617892,588976980186999;309021,0000000;4617890,0000000
133;308984,854904608975630;4617853,323711610399187;308985,0000000;4617850,0000000
134;309048,828399972000625;4617924,961715569719672;309049,0000000;4617920,0000000
135;309154,528035302995704;4618089,103351750411093;309155,0000000;4618090,0000000
136;309299,043498142971657;4618893,999499260447919;309299,0000000;4618890,0000000
137;310251,306967157986946;4620300,207654709927738;310251,0000000;4620300,0000000
138;314074,073020707990509;4624243,737053059972823;314074,0000000;4624240,0000000
139;314162,730407426017337;4624423,318803500384092;314163,0000000;4624420,0000000
140;302625,594551039976068;4606678,497519819997251;302626,0000000;4606680,0000000
141;305464,130962933995761;4608191,781437019817531;305464,0000000;4608190,0000000
142;306866,175922591006383;4612976,311867140233517;306866,0000000;4612980,0000000
143;309838,511746497009881;4616373,597811190411448;309838,0000000;4616370,0000000
144;316778,834845278994180;4623613,129562989808619;316779,0000000;4623610,0000000
145;318779,610679386998527;4626939,569226910360157;318780,0000000;4626940,0000000
146;297778,950942043971736;4600774,781445699743927;297779,0000000;4600780,0000000
147;281896,763709123013541;4595021,472925529815257;281897,0000000;4595020,0000000
148;302232,700281503028236;4591864,485812559723854;302233,0000000;4591860,0000000
149;301614,152361462009139;4593017,807715469971299;301614,0000000;4593020,0000000
150;307877,149797262973152;4603168,943155200220644;307877,0000000;4603170,0000000
151;310877,022865458973683;4601742,194621999748051;310877,0000000;4601740,0000000
152;292046,090681937988847;4607386,356059250421822;292046,0000000;4607390,0000000
153;291988,355826171988156;4607461,611104230396450;291988,0000000;4607460,0000000
154;287962,265020347025711;4623903,143481439910829;287962,0000000;4623900,0000000
155;312059,045279163983651;4610928,295797679573298;312059,0000000;4610930,0000000
156;307654,982801088015549;4610472,048251139931381;307655,0000000;4610470,0000000
157;301960,982371877005789;4606578,730589849874377;301961,0000000;4606580,0000000
158;302059,817909764009528;4607066,244167010299861;302060,0000000;4607070,0000000
159;291270,736251689027995;4603134,015339329838753;291271,0000000;4603130,0000000
160;290024,908224806014914;4600408,484402789734304;290025,0000000;4600410,0000000
161;289283,394596673024353;4598293,170125599950552;289283,0000000;4598290,0000000
162;287286,881083166983444;4596052,004896969534457;287287,0000000;4596050,0000000
163;287154,194514748989604;4595946,227541839703918;287154,0000000;4595950,0000000
164;292336,376337175024673;4602609,025481450371444;292336,0000000;4602610,0000000
165;303065,465923569980077;4613668,393665350042284;303065,0000000;4613670,0000000
166;302965,815054632024840;4614125,771696110256016;302966,0000000;4614130,0000000
167;303620,619779533008114;4620935,256761689670384;303621,0000000;4620940,0000000
168;299897,609104820003267;4621262,101434580050409;299898,0000000;4621260,0000000
169;315686,032602360006422;4603669,518757999874651;315686,0000000;4603670,0000000
170;314529,432401626021601;4604411,291506939567626;314529,0000000;4604410,0000000
171;313537,598497321014293;4604982,720522199757397;313538,0000000;4604980,0000000
172;310162,546927658026107;4606668,401972419582307;310163,0000000;4606670,0000000
173;309989,326617131999228;4606766,089285669848323;309989,0000000;4606770,0000000
174;284880,729300524981227;4625632,144978480413556;284881,0000000;4625630,0000000
175;294883,266967041010503;4605039,331776260398328;294883,0000000;4605040,0000000
176;315453,576376540004276;4611106,632461249828339;315454,0000000;4611110,0000000
177;285228,722791615989991;4598463,853788710199296;285229,0000000;4598460,0000000
178;317171,472584809991531;4598099,803531689569354;317171,0000000;4598100,0000000
179;312887,825864650018048;4597507,309692420065403;312888,0000000;4597510,0000000
180;292463,926991163985804;4606040,720317009836435;292464,0000000;4606040,0000000
181;281579,267520670022350;4595705,327685680240393;281579,0000000;4595710,0000000
182;309911,669604516995605;4616402,348113040439785;309912,0000000;4616400,0000000
183;305941,518896783993114;4615819,930425410158932;305942,0000000;4615820,0000000
184;289047,373227111995220;4597876,198902370408177;289047,0000000;4597880,0000000
185;318657,545816437981557;4626704,227612979710102;318658,0000000;4626700,0000000
186;307924,288267044990789;4614150,108087570406497;307924,0000000;4614150,0000000
187;316063,140492787992116;4626397,488351950421929;316063,0000000;4626400,0000000
188;295312,810403585026506;4601696,167120910249650;295313,0000000;4601700,0000000
189;309844,794359160994645;4619846,654237429611385;309845,0000000;4619850,0000000
190;306023,328520854993258;4608524,010060739703476;306023,0000000;4608520,0000000
191;310749,526213372999337;4616778,172219269908965;310750,0000000;4616780,0000000
192;316685,283558593015186;4623562,161118810065091;316685,0000000;4623560,0000000
193;313964,840140939981211;4604735,680098010227084;313965,0000000;4604740,0000000
194;311333,442583451978862;4606032,707997350022197;311333,0000000;4606030,0000000
195;317156,691734932013787;4610730,166972310282290;317157,0000000;4610730,0000000
196;297991,983165658020880;4590693,867355559952557;297992,0000000;4590690,0000000
197;288171,063287889992353;4622753,592247650027275;288171,0000000;4622750,0000000
198;307214,965742897999007;4603923,726868890225887;307215,0000000;4603920,0000000
199;301622,839488809986506;4606058,058722049929202;301623,0000000;4606060,0000000
200;287048,675582044001203;4599220,786581159569323;287049,0000000;4599220,0000000
201;289575,444635520980228;4599183,299968950450420;289575,0000000;4599180,0000000
202;310725,451708075997885;4601790,072912470437586;310725,0000000;4601790,0000000
203;313160,014297826972324;4623231,769156569615006;313160,0000000;4623230,0000000
204;291888,462492362014018;4627194,128748360089958;291888,0000000;4627190,0000000
205;302055,887728996982332;4607052,525213169865310;302056,0000000;4607050,0000000
206;317057,132473470002878;4600612,587802040390670;317057,0000000;4600610,0000000
207;302083,391431020980235;4607157,104005750268698;302083,0000000;4607160,0000000
208;308021,013263971020933;4611448,013080930337310;308021,0000000;4611450,0000000
209;296029,180917392019182;4611152,423865949735045;296029,0000000;4611150,0000000
210;316194,713397253013682;4598174,687626229599118;316195,0000000;4598170,0000000
211;306241,088877313013654;4604720,093860859982669;306241,0000000;4604720,0000000
212;310117,764571739011444;4620152,202596509829164;310118,0000000;4620150,0000000
213;296640,749715645972174;4612824,568623759783804;296641,0000000;4612820,0000000
214;292592,660684533999301;4616209,247131739743054;292593,0000000;4616210,0000000
215;302201,125359822995961;4602090,758440460078418;302201,0000000;4602090,0000000
216;307713,959576851979364;4617077,648156889714301;307714,0000000;4617080,0000000
217;285241,422696879017167;4594581,595786550082266;285241,0000000;4594580,0000000
218;289005,830585699004587;4620453,591126319952309;289006,0000000;4620450,0000000
219;304273,523375011980534;4612571,491320800036192;304274,0000000;4612570,0000000
220;297811,204938902985305;4606867,005222099833190;297811,0000000;4606870,0000000
221;286228,777476358984131;4598796,029074120335281;286229,0000000;4598800,0000000
222;294825,210179633984808;4614676,293337319977582;294825,0000000;4614680,0000000
223;302572,202552172006108;4606664,537390540353954;302572,0000000;4606660,0000000
224;312106,263655848975759;4622888,545423629693687;312106,0000000;4622890,0000000
225;302145,570564323978033;4607749,175548650324345;302146,0000000;4607750,0000000
226;313152,056124488997739;4605165,317909959703684;313152,0000000;4605170,0000000
227;289560,250461904972326;4598990,609428919851780;289560,0000000;4598990,0000000
228;313932,436160209006630;4623988,978074200451374;313932,0000000;4623990,0000000
229;290035,636080151016358;4608366,503545929677784;290036,0000000;4608370,0000000
230;303178,782170051999856;4618310,170862279832363;303179,0000000;4618310,0000000
231;288998,595508055004757;4608698,278578399680555;288999,0000000;4608700,0000000
232;302370,404750610992778;4601513,547201540321112;302370,0000000;4601510,0000000
233;290724,469166943978053;4603101,462772269733250;290724,0000000;4603100,0000000
234;306040,487317664024886;4609493,358585949987173;306040,0000000;4609490,0000000
235;299234,456568478024565;4604599,844027070328593;299234,0000000;4604600,0000000
236;314642,800017677014694;4612109,501060339622200;314643,0000000;4612110,0000000
237;309719,622082787973341;4602235,978681249544024;309720,0000000;4602240,0000000
238;289753,260434128984343;4619650,005000759847462;289753,0000000;4619650,0000000
239;315247,667069180984981;4611047,746555400080979;315248,0000000;4611050,0000000
240;290857,912931899016257;4602217,551037419587374;290858,0000000;4602220,0000000
241;311250,706378331000451;4601545,288497109897435;311251,0000000;4601550,0000000
242;304215,371623784012627;4606779,206443349830806;304215,0000000;4606780,0000000
243;301386,488235920027364;4598161,084811910055578;301386,0000000;4598160,0000000
244;310878,633644180023111;4606248,561759609729052;310879,0000000;4606250,0000000
245;291074,322872977994848;4617967,064311590045691;291074,0000000;4617970,0000000
246;301952,451157742994837;4606268,550087570212781;301952,0000000;4606270,0000000
247;301845,747651991026942;4602898,065078769810498;301846,0000000;4602900,0000000
248;295788,436028047988657;4610220,828045629896224;295788,0000000;4610220,0000000
249;289341,658819366013631;4620093,340194799937308;289342,0000000;4620090,0000000
250;310966,059292212012224;4599052,959665849804878;310966,0000000;4599050,0000000
251;292536,106257735984400;4606192,808409989811480;292536,0000000;4606190,0000000
252;301815,286884449014906;4606050,076806060038507;301815,0000000;4606050,0000000
253;302272,237909535004292;4615215,142981329932809;302272,0000000;4615220,0000000
254;295981,811165453982539;4610653,008406929671764;295982,0000000;4610650,0000000
255;295443,360265999974217;4614342,782850899733603;295443,0000000;4614340,0000000
256;284528,019595968013164;4593970,607977420091629;284528,0000000;4593970,0000000
257;308640,805870215001050;4610583,568520209752023;308641,0000000;4610580,0000000
258;310636,606327798974235;4611500,385724400170147;310637,0000000;4611500,0000000
259;301770,464085425017402;4615201,216566089540720;301770,0000000;4615200,0000000
260;298271,091295101970900;4588318,857719630002975;298271,0000000;4588320,0000000
261;289817,780402862990741;4619580,852381120435894;289818,0000000;4619580,0000000
262;311528,441748311975971;4618166,058645780198276;311528,0000000;4618170,0000000
263;315589,135603311005980;4611944,882501889951527;315589,0000000;4611940,0000000
264;311792,573218852980062;4611472,381733929738402;311793,0000000;4611470,0000000
265;309016,227009593974799;4615524,735965630039573;309016,0000000;4615520,0000000
266;287882,350793478020933;4623835,651254540309310;287882,0000000;4623840,0000000
267;308527,839883567008656;4617406,767253570258617;308528,0000000;4617410,0000000
268;304090,551141973002814;4612318,959228299558163;304091,0000000;4612320,0000000
269;299731,548743029008619;4621925,435318189673126;299732,0000000;4621930,0000000
270;286570,932347178983036;4588674,647233439609408;286571,0000000;4588670,0000000
271;309467,412310310988687;4611357,793129109777510;309467,0000000;4611360,0000000
272;304364,045385213976260;4612747,533549060113728;304364,0000000;4612750,0000000
273;310164,582035059982445;4599616,596810859628022;310165,0000000;4599620,0000000
274;309748,967482141975779;4599836,677829709835351;309749,0000000;4599840,0000000
275;302197,263742181996349;4601973,936172509565949;302197,0000000;4601970,0000000
276;303617,307767988997512;4620682,982379980385303;303617,0000000;4620680,0000000
277;309340,808504635002464;4600125,691398629918694;309341,0000000;4600130,0000000
278;286761,177235452982131;4601516,393775070086122;286761,0000000;4601520,0000000
279;296314,614733787020668;4601763,715631130151451;296315,0000000;4601760,0000000
280;305953,603285985009279;4601312,856691139750183;305954,0000000;4601310,0000000
281;312959,941382489982061;4599360,464291670359671;312960,0000000;4599360,0000000
282;318291,544885287003126;4601716,652127919718623;318292,0000000;4601720,0000000
283;304560,530472616024781;4613186,936772130429745;304561,0000000;4613190,0000000
284;309749,045024590974208;4606893,347686889581382;309749,0000000;4606890,0000000
285;285319,524633813009132;4594648,984324170276523;285320,0000000;4594650,0000000
286;308749,409087751992047;4617616,158495949581265;308749,0000000;4617620,0000000
287;289989,984410693985410;4602478,836927300319076;289990,0000000;4602480,0000000
288;309573,609835225972347;4606987,018735590390861;309574,0000000;4606990,0000000
289;310045,176047198008746;4623094,834991049952805;310045,0000000;4623100,0000000
290;310188,079071708023548;4620229,743402759544551;310188,0000000;4620230,0000000
291;304734,656331005971879;4624296,467804649844766;304735,0000000;4624300,0000000
292;306422,415473814005964;4612573,236931139603257;306422,0000000;4612570,0000000
293;301808,408931852027308;4603194,338776730000973;301808,0000000;4603190,0000000
294;301831,438305880001280;4602425,703491630032659;301831,0000000;4602430,0000000
295;307096,050656989973504;4610291,441660660319030;307096,0000000;4610290,0000000
296;316667,246083941019606;4612972,231039539910853;316667,0000000;4612970,0000000
297;316586,462360121018719;4623508,741417420096695;316586,0000000;4623510,0000000
298;288834,411647188011557;4597467,341240829788148;288834,0000000;4597470,0000000
299;311691,791989376011770;4605861,574391819536686;311692,0000000;4605860,0000000
300;294827,299810415017419;4605004,763218689709902;294827,0000000;4605000,0000000
301;287557,741015548992436;4623484,778034449554980;287558,0000000;4623480,0000000
302;317323,199656146985944;4624133,914459129795432;317323,0000000;4624130,0000000
303;316173,962201928021386;4603356,400476650334895;316174,0000000;4603360,0000000
304;282255,129486515012104;4594689,142689879983664;282255,0000000;4594690,0000000
305;305020,400027193012647;4614302,261471670120955;305020,0000000;4614300,0000000
306;281465,324505580996629;4591569,250903179869056;281465,0000000;4591570,0000000
307;301803,968799832975492;4605289,601186710409820;301804,0000000;4605290,0000000
308;294289,507300128985662;4601521,590200640261173;294290,0000000;4601520,0000000
309;293786,003791227005422;4601499,073237939737737;293786,0000000;4601500,0000000
310;303022,159501674992498;4619091,258916160091758;303022,0000000;4619090,0000000
311;308277,082316485000774;4611296,940377630293369;308277,0000000;4611300,0000000
312;286954,640282623993699;4595807,570521919988096;286955,0000000;4595810,0000000
313;312653,595325706992298;4596096,395488499663770;312654,0000000;4596100,0000000
314;295535,659655091993045;4605285,308914310298860;295536,0000000;4605290,0000000
315;296359,075618174974807;4601764,327609820291400;296359,0000000;4601760,0000000
316;285128,519909229013138;4625319,222644230350852;285129,0000000;4625320,0000000
317;302631,251143286994193;4615442,770980049856007;302631,0000000;4615440,0000000
318;308366,999415029014926;4602860,927294899709523;308367,0000000;4602860,0000000
319;290752,834723899024539;4603205,832599310204387;290753,0000000;4603210,0000000
320;278949,024851643014699;4589457,402105550281703;278949,0000000;4589460,0000000
321;307729,906453423027415;4611689,439369830302894;307730,0000000;4611690,0000000
322;297760,024539973004721;4602129,109697500243783;297760,0000000;4602130,0000000
323;306086,624185847991612;4616022,626092489808798;306087,0000000;4616020,0000000
324;317885,921306747011840;4625215,662368469871581;317886,0000000;4625220,0000000
325;289653,988014376023784;4601549,763352369889617;289654,0000000;4601550,0000000
326;297733,844084142008796;4613790,171503179706633;297734,0000000;4613790,0000000
327;286691,276237690995913;4588162,253587219864130;286691,0000000;4588160,0000000
328;287326,739286904979963;4601694,956521700136364;287327,0000000;4601700,0000000
329;315021,021012049983256;4604095,860148360021412;315021,0000000;4604100,0000000
330;300440,719976890017278;4615020,974509789608419;300441,0000000;4615020,0000000
331;291833,032947396975942;4601876,393666090443730;291833,0000000;4601880,0000000
332;316644,502833991020452;4603054,226470449939370;316644,0000000;4603050,0000000
333;306713,215970802993979;4616711,744914139620960;306713,0000000;4616710,0000000
334;306125,781096501974389;4612109,129432950168848;306126,0000000;4612110,0000000
335;307741,860815542982891;4610494,790115839801729;307742,0000000;4610500,0000000
336;310281,968082977982704;4599554,977510490454733;310282,0000000;4599560,0000000
337;306726,210594744014088;4612269,353667140007019;306726,0000000;4612270,0000000
338;306191,775899159023538;4608950,810902999714017;306192,0000000;4608950,0000000
339;303202,920158001012169;4601558,985946930013597;303203,0000000;4601560,0000000
340;289441,261799574014731;4601348,100187609903514;289441,0000000;4601350,0000000
341;287066,575045034987852;4595884,209468649700284;287067,0000000;4595880,0000000
342;282203,097263464005664;4592204,723184470087290;282203,0000000;4592200,0000000
343;316420,211052128986921;4611594,550251370295882;316420,0000000;4611590,0000000
344;311579,252105424995534;4617878,363366420380771;311579,0000000;4617880,0000000
345;299285,857368089025840;4627325,970085649751127;299286,0000000;4627330,0000000
346;305152,155527586000971;4601248,488551570102572;305152,0000000;4601250,0000000
347;301377,516300952993333;4602742,752317549660802;301378,0000000;4602740,0000000
348;316684,085187577991746;4598196,279897830449045;316684,0000000;4598200,0000000
349;315311,639967265015002;4597779,511734040454030;315312,0000000;4597780,0000000
350;310092,611060920986347;4616472,317682960070670;310093,0000000;4616470,0000000
351;312070,300775923999026;4600440,439003299921751;312070,0000000;4600440,0000000
352;314207,136908683984075;4624523,723756380379200;314207,0000000;4624520,0000000
353;304981,451924439985305;4614246,814955960027874;304981,0000000;4614250,0000000
354;311025,617017954005860;4598994,290936020202935;311026,0000000;4598990,0000000
355;300514,497238832002040;4603051,432372259907424;300514,0000000;4603050,0000000
356;311104,401657017006073;4598909,175179780460894;311104,0000000;4598910,0000000
357;293173,353438279998954;4607151,043468300253153;293173,0000000;4607150,0000000
358;310700,694811265973840;4601801,048892149701715;310701,0000000;4601800,0000000
359;282043,021808483987115;4594875,718955649994314;282043,0000000;4594880,0000000
360;317290,111237860983238;4596428,018104200251400;317290,0000000;4596430,0000000
361;288996,167928370996378;4601973,311606139875948;288996,0000000;4601970,0000000
362;306386,712587276997510;4612623,878957870416343;306387,0000000;4612620,0000000
363;313228,963821274985094;4597597,767211600206792;313229,0000000;4597600,0000000
364;299899,466756091977004;4619679,845565480180085;299899,0000000;4619680,0000000
365;287709,840507565008011;4609112,922623859718442;287710,0000000;4609110,0000000
366;304916,159125371021219;4614060,960243239998817;304916,0000000;4614060,0000000
367;305077,434112987015396;4614395,953346139751375;305077,0000000;4614400,0000000
368;315281,286456421017647;4603929,127379430457950;315281,0000000;4603930,0000000
369;296418,755606100021396;4613843,296320280060172;296419,0000000;4613840,0000000
370;291087,561195952002890;4602686,384784179739654;291088,0000000;4602690,0000000
371;297548,049380070006009;4606683,248886760324240;297548,0000000;4606680,0000000
372;312488,241084186010994;4618509,974600589834154;312488,0000000;4618510,0000000
373;296771,440219982003327;4606074,557879690080881;296771,0000000;4606070,0000000
374;299644,872948987002019;4595022,137218129821122;299645,0000000;4595020,0000000
375;292143,962401039025281;4607260,183626020327210;292144,0000000;4607260,0000000
376;312830,986831162008457;4618893,888334480114281;312831,0000000;4618890,0000000
377;313745,653420566988643;4623755,501051519997418;313746,0000000;4623760,0000000
378;314052,327169983007479;4604712,258026610128582;314052,0000000;4604710,0000000
379;315174,738200690015219;4612069,827359659597278;315175,0000000;4612070,0000000
380;296814,498684212972876;4612971,589130129665136;296814,0000000;4612970,0000000
381;286941,895505084015895;4601562,967994269914925;286942,0000000;4601560,0000000
382;289165,836131675983779;4602065,517104679718614;289166,0000000;4602070,0000000
383;291523,773201024974696;4604447,277633150108159;291524,0000000;4604450,0000000
384;292062,082464012026321;4605418,124815819784999;292062,0000000;4605420,0000000
385;292622,775748569983989;4606412,866760290227830;292623,0000000;4606410,0000000
386;293502,239389383990783;4607654,087922530248761;293502,0000000;4607650,0000000
387;295124,933651519997511;4609270,400662690401077;295125,0000000;4609270,0000000
388;296469,157666857005097;4612627,887624650262296;296469,0000000;4612630,0000000
389;297821,941437863977626;4613851,580387149937451;297822,0000000;4613850,0000000
390;298770,551701605028939;4614604,829198679886758;298771,0000000;4614600,0000000
391;300411,580249616992660;4615016,440749020315707;300412,0000000;4615020,0000000
392;300942,671746747975703;4615106,951707789674401;300943,0000000;4615110,0000000
393;302992,909837389015593;4615175,237812610343099;302993,0000000;4615180,0000000
394;305079,368233328976203;4614272,034174210391939;305079,0000000;4614270,0000000
395;307479,700996101018973;4611870,879238479770720;307480,0000000;4611870,0000000
396;307569,065957386977971;4611811,555300829932094;307569,0000000;4611810,0000000
397;314982,204874164017383;4612100,963491540402174;314982,0000000;4612100,0000000
398;293939,289662330003921;4615331,511846950277686;293939,0000000;4615330,0000000
399;291528,400046250026207;4617076,473949939943850;291528,0000000;4617080,0000000
400;290786,568360309989657;4618377,980121360160410;290787,0000000;4618380,0000000
401;287403,965380245994311;4599423,158162060193717;287404,0000000;4599420,0000000
402;288810,198704355978407;4600306,344992280006409;288810,0000000;4600310,0000000
403;289812,938499892014079;4601668,836065080016851;289813,0000000;4601670,0000000
404;292319,381654175987933;4601746,319461319595575;292319,0000000;4601750,0000000
405;292513,534557559003588;4601692,691515170037746;292514,0000000;4601690,0000000
406;295488,698871582979336;4601724,197247279807925;295489,0000000;4601720,0000000
407;298516,993696829013061;4602656,527163109742105;298517,0000000;4602660,0000000
408;301359,899688125005923;4602752,536195400170982;301360,0000000;4602750,0000000
409;305552,935466417984571;4601263,415244500152767;305553,0000000;4601260,0000000
410;310252,789403736998793;4599570,657788580283523;310253,0000000;4599570,0000000
411;310512,869332130998373;4599419,436453130096197;310513,0000000;4599420,0000000
412;310478,476236853981391;4599442,148324860259891;310478,0000000;4599440,0000000
413;311159,464564990019426;4598846,037786220200360;311159,0000000;4598850,0000000
414;311610,035959880973678;4598304,902870490215719;311610,0000000;4598300,0000000
415;312432,227935209986754;4597693,358890750445426;312432,0000000;4597690,0000000
416;298219,549913282971829;4588078,092763599939644;298220,0000000;4588080,0000000
417;297643,567423539992888;4591892,688006309792399;297644,0000000;4591890,0000000
418;300735,526754734979477;4596178,425180739723146;300736,0000000;4596180,0000000
419;301876,120877321984153;4599060,333984109573066;301876,0000000;4599060,0000000
420;302537,773689494992141;4601022,905248969793320;302538,0000000;4601020,0000000
421;301795,850629816006403;4603495,585077689960599;301796,0000000;4603500,0000000
422;304522,438773110974580;4613101,763273250311613;304522,0000000;4613100,0000000
423;304812,713438411010429;4613746,522117899730802;304813,0000000;4613750,0000000
424;305173,375361251004506;4614503,846321170218289;305173,0000000;4614500,0000000
425;305374,669366120011546;4614737,975085079669952;305375,0000000;4614740,0000000
426;306215,557484215009026;4616174,263835010118783;306216,0000000;4616170,0000000
427;306619,234582790988497;4616628,641170079819858;306619,0000000;4616630,0000000
428;308660,416816605022177;4617527,329181640408933;308660,0000000;4617530,0000000
429;308734,626896034984384;4617601,298932540230453;308735,0000000;4617600,0000000
430;310453,650626218994148;4620527,197195949964225;310454,0000000;4620530,0000000
431;315756,337438477028627;4626132,634268700145185;315756,0000000;4626130,0000000
432;315847,098573038994800;4626189,182719949632883;315847,0000000;4626190,0000000
433;316338,362185285019223;4626772,775424219667912;316338,0000000;4626770,0000000
434;316568,093908969021868;4627223,842429090291262;316568,0000000;4627220,0000000
435;305659,975352802022826;4611639,293307170271873;305660,0000000;4611640,0000000
436;311252,413413847971242;4617394,775694520212710;311252,0000000;4617400,0000000
437;311344,196246466017328;4617570,124657190404832;311344,0000000;4617570,0000000
438;314276,863535919983406;4621007,648928710259497;314277,0000000;4621010,0000000
439;317895,049900254991371;4625233,437273399904370;317895,0000000;4625230,0000000
440;296357,297876520024147;4596693,459120010025799;296357,0000000;4596690,0000000
441;313979,671698497026227;4596627,091681400313973;313980,0000000;4596630,0000000
442;305535,432421659992542;4588238,899365779943764;305535,0000000;4588240,0000000
443;301775,051012111012824;4592663,327771900221705;301775,0000000;4592660,0000000
444;303281,813946829992346;4590594,883609999902546;303282,0000000;4590600,0000000
445;308333,501183995977044;4602885,274042840115726;308334,0000000;4602890,0000000
446;310597,522805909975432;4601846,788330970332026;310598,0000000;4601850,0000000
447;313267,654316890984774;4597497,693309869617224;313268,0000000;4597500,0000000
448;288888,732913791027386;4624681,503138789907098;288889,0000000;4624680,0000000
449;289592,082562759984285;4625268,513177749700844;289592,0000000;4625270,0000000
450;312889,784422894997988;4611444,268623519688845;312890,0000000;4611440,0000000
451;312500,273305852024350;4611155,722628160379827;312500,0000000;4611160,0000000
452;312278,195326936023775;4610971,239507820457220;312278,0000000;4610970,0000000
453;311466,404911310004536;4610926,181149429641664;311466,0000000;4610930,0000000
454;310002,609144017973449;4610734,644719020463526;310003,0000000;4610730,0000000
455;302103,275191580003593;4607245,601481810212135;302103,0000000;4607250,0000000
456;288499,542924779001623;4597277,371108209714293;288500,0000000;4597280,0000000
457;287127,510824143013451;4595927,040088940411806;287128,0000000;4595930,0000000
458;284515,773197086004075;4593965,023689259774983;284516,0000000;4593960,0000000
459;280719,564793611993082;4590980,040835020132363;280720,0000000;4590980,0000000
460;280971,006366626999807;4591145,019158660434186;280971,0000000;4591140,0000000
461;292130,018406945979223;4603054,226369169540703;292130,0000000;4603050,0000000
462;302682,291070292005315;4615063,493272249586880;302682,0000000;4615060,0000000
463;302931,083790588018019;4617323,004524590447545;302931,0000000;4617320,0000000
464;302957,859898864000570;4617530,631374659948051;302958,0000000;4617530,0000000
465;302994,887493953981902;4617826,087173460051417;302995,0000000;4617830,0000000
466;303684,383809163991828;4621436,634303039871156;303684,0000000;4621440,0000000
467;304515,215639650006779;4624003,452206100337207;304515,0000000;4624000,0000000
468;303007,692834315996151;4619088,999963349662721;303008,0000000;4619090,0000000
469;300865,237733386980835;4614805,673259859904647;300865,0000000;4614810,0000000
470;300520,888619025005028;4616246,465813780203462;300521,0000000;4616250,0000000
471;300290,572102617006749;4617949,364323629997671;300291,0000000;4617950,0000000
472;299964,339885958004743;4619194,277080399915576;299964,0000000;4619190,0000000
473;299901,229423095996026;4620669,387986550107598;299901,0000000;4620670,0000000
474;299264,224699399026576;4624146,001221380196512;299264,0000000;4624150,0000000
475;299302,627471060026437;4625077,615201470442116;299303,0000000;4625080,0000000
476;299197,739469158987049;4625969,275841410271823;299198,0000000;4625970,0000000
477;299171,029367288982030;4626752,191620750352740;299171,0000000;4626750,0000000
478;299164,662678386026528;4626941,289200159721076;299165,0000000;4626940,0000000
479;315270,751613040978555;4603935,846267269924283;315271,0000000;4603940,0000000
480;314698,833503443980590;4604302,691080840304494;314699,0000000;4604300,0000000
481;313187,769426936982200;4605148,539364400319755;313188,0000000;4605150,0000000
482;312828,885595522006042;4605319,569660600274801;312829,0000000;4605320,0000000
483;312667,266294887987897;4605396,628297680057585;312667,0000000;4605400,0000000
484;310059,199565718998201;4606728,373958379961550;310059,0000000;4606730,0000000
485;310076,854414857982192;4606718,494746009819210;310077,0000000;4606720,0000000
486;309147,379176824004389;4607210,047639390453696;309147,0000000;4607210,0000000
487;289726,476564796990715;4619679,427151160314679;289726,0000000;4619680,0000000
488;296203,877361267979722;4605664,872270789928734;296204,0000000;4605660,0000000
489;297235,656369691016153;4606436,808232580311596;297236,0000000;4606440,0000000
490;312174,241921801993158;4610946,877313629724085;312174,0000000;4610950,0000000
491;313905,899995137995575;4610943,860085540451109;313906,0000000;4610940,0000000
492;316875,765858823026065;4610718,350818430073559;316876,0000000;4610720,0000000